<==== #### QUERY 1 #### ==== >

###### SOLUZIONE CON PANDAS ######

MONTH    OP_UNIQUE_CARRIER        mean     max   min
1                AA             13.000567  3298.0 -34.0
1                DL             12.974122  1209.0 -30.0
2                AA             13.301417  3403.0 -27.0
2                DL             11.354739  1222.0 -30.0
3                AA             15.910971  3288.0 -27.0
3                DL             10.360750  1176.0 -32.0
4                AA             16.012785  2595.0 -28.0
4                DL             8.722958  1145.0 -30.0


###### SOLUZIONE CON DATAFRAME ######

MONTH,OP_UNIQUE_CARRIER,dep_delay_mean,dep_delay_min,dep_delay_max,cancellation_rate
1,AA,13.000566705368497,-34.0,3298.0,3.731621564031536
1,DL,12.974121797202137,-30.0,1209.0,2.8005661415878174
2,AA,13.301416537385277,-27.0,3403.0,1.3237735417024443
2,DL,11.354738557500491,-30.0,1222.0,0.2299076163907308
3,DL,10.360750463689541,-32.0,1176.0,0.4923834436067087
3,AA,15.910971200905044,-27.0,3288.0,1.5205486090917901
4,AA,16.012784791399547,-28.0,2595.0,1.4320273276522288
4,DL,8.722957569970758,-30.0,1145.0,0.5107616287356868

###### SOLUZIONE CON RDD ######

AA,1,12.888304789309133,-34.0,3298.0,3.731621564031536
DL,1,12.82821664037536,-30.0,1209.0,2.8005661415878173
AA,2,13.276529709503851,-27.0,3403.0,1.3237735417024443
DL,2,11.34985738172519,-30.0,1222.0,0.2299076163907308
DL,3,10.316720391098,-32.0,1176.0,0.4923834436067087
AA,3,15.845683493067261,-27.0,3288.0,1.5205486090917902
AA,4,15.961631908044843,-28.0,2595.0,1.4320273276522289
DL,4,8.710332147376967,-30.0,1145.0,0.5107616287356868

<==== #### QUERY 2 #### ==== >

###### SOLUZIONE CON DATAFRAME ######

OP_UNIQUE_CARRIER,n_flights,arr_delay_mean,carrier_delay_mean,weather_delay_mean,nas_delay_mean,security_delay_mean,late_aircraft_delay_mean
UA,248433.0,2.4649422580736053,18.853449241592543,3.3991889409181546,21.33195169493424,0.004055295409226357,24.926578988640692
NK,70759.0,2.390649952656199,17.500155714730614,1.5918716910619746,34.29196511990034,0.1897383992525693,16.984194954842728
AA,302790.0,8.978681594504442,27.111256465776496,4.613030795140142,13.514675808973896,0.1078130638758571,33.71538554071935
B6,75680.0,6.144965644820296,19.4366567573748,1.8800022867596615,18.63737708666819,0.11468099702721243,30.637605762634347
DL,312503.0,4.194199735682537,31.18961030124683,4.752453690316216,14.847267345932062,0.03641837758764395,21.558760992702716
OO,259692.0,7.590934645657163,38.93056657973315,12.113769512794345,13.153947915485505,0.09759231961295688,16.580470196923308
F9,65965.0,11.316228302887895,23.052504277033805,1.914577311073093,15.357854993805676,0.0,40.53271193439915
MQ,87416.0,5.316955706049236,15.517534293749641,7.7526258394076795,15.353613040234173,0.08592090914308673,25.83825977156632
OH,78476.0,17.155741882868647,25.977061914553346,5.957642220699109,11.856888279643591,0.11601553575508339,43.50929860635138
HA,25707.0,5.810751935270549,27.157359204921914,3.2823000473260766,0.5849503076194983,0.14671083767155702,19.988641741599622
G4,42596.0,9.53713963752465,24.89119703825586,8.928527354997943,18.699917729329496,0.681612505141917,33.02097902097902
YX,107744.0,0.6921035046035046,16.847269578394762,3.1491042918222654,21.92612437083942,0.04286410131514856,20.262704984575418
AS,71431.0,1.2979798686844648,14.580763582966226,2.346108663729809,14.534801762114537,0.2154919236417034,19.03619676945668
WN,439584.0,1.7628507861978597,15.263317769406271,1.6067809200403247,11.461094603915743,0.14110999097999682,28.265108505332414

###### SOLUZIONE CON RDD ######

OH,78476.0,17.155741882868647,25.977061914553346,5.957642220699109,11.856888279643591,0.11601553575508339,43.50929860635138
F9,65965.0,11.316228302887895,23.052504277033805,1.914577311073093,15.357854993805676,0.0,40.53271193439915
G4,42596.0,9.53713963752465,24.89119703825586,8.928527354997943,18.699917729329496,0.681612505141917,33.02097902097902
AA,302790.0,8.978681594504442,27.111256465776496,4.613030795140142,13.514675808973896,0.1078130638758571,33.71538554071935
OO,259692.0,7.590934645657163,38.93056657973315,12.113769512794345,13.153947915485505,0.09759231961295688,16.580470196923308
B6,75680.0,6.144965644820296,19.4366567573748,1.8800022867596615,18.63737708666819,0.11468099702721243,30.637605762634347
HA,25707.0,5.810751935270549,27.157359204921914,3.2823000473260766,0.5849503076194983,0.14671083767155702,19.988641741599622
MQ,87416.0,5.316955706049236,15.517534293749641,7.7526258394076795,15.353613040234173,0.08592090914308673,25.83825977156632
DL,312503.0,4.194199735682537,31.18961030124683,4.752453690316216,14.847267345932062,0.03641837758764395,21.558760992702716
UA,248433.0,2.4649422580736053,18.853449241592543,3.3991889409181546,21.33195169493424,0.004055295409226357,24.926578988640692



21.00,0.00,,0.00,326.00,2475.00,    0.00,0.00,12.00,9.00,0.00
21.00,0.00,,0.00,229.00,1744.00,    21.00,0.00,0.00,0.00,0.00
17.00,0.00,,0.00,215.00,1145.00,    0.00,0.00,17.00,0.00,0.00
497.00,0.00,,0.00,95.00,597.00,     497.00,0.00,0.00,0.00,0.00
1456.00,0.00,,0.00,188.00,918.00,   1447.00,0.00,9.00,0.00,0.00
100

arr_delay_sum = 2112
n_flights = 6
arr_delay_mean = 352

carrier_delay_mean = 393
weather_delay_mean = 0
nas_delay_mean = 7,6
security_delay_mean = 0 
late_aircraft_delay_mean = 0 


